dialect	durnorm_Lobanov	syl_sd	f0norm_Lobanov	f0median	f0peak	f0min	f0sd	f0skewness	f0SAQ	f0rate	f0peak_rate	f0min_rate	f0cv	df0mean	df0mean_pos	df0mean_neg	df0sd	df0sd_pos	df0sd_neg	df0skewness	spect_emphasis	sl_LTAS_breath	sl_LTAS_alpha	sl_LTAS_L1L0	cvint	jitter	shimmer	hnr	pause_sd	pause_meandur	pause_rate	speech_rate	artic_rate
PB	-0.58	116.55	0.18	94.20	101.31	86.08	3.03	0.11	1.97	4.25	2.13	2.13	0.03	-0.70	7.99	-4.97	8.56	5.90	6.06	-0.009	4.56	-22.9	-16.8	-0.3	30.51	1.92	13.71	11.13	821.92	673.33	0.14	5.32	5.15
PB	-0.56	287.65	0.10	93.13	101.23	88.51	2.77	0.08	2.08	6.09	3.04	3.04	0.03	-0.28	5.75	-4.82	6.97	4.30	4.81	-0.17	3.11	-21.5	-19.9	1.2	21.81	2.02	12.55	10.65	251.98	372.50	0.12	4.55	5.06
PB	0.22	146.95	0.10	95.17	99.98	89.66	2.89	0.02	2.58	6.82	3.41	3.41	0.03	-0.59	5.62	-7.14	7.98	4.17	5.35	-0.31	2.85	-23.2	-18.8	1.0	16.74	2.47	13.20	10.42	0	260.00	0.07	5.65	5.76
PB	-0.89	72.38	0.18	94.47	104.15	88.88	5.04	0.26	4.70	2.73	1.47	1.26	0.05	-1.95	5.04	-2.86	5.56	3.98	5.07	-1.08	4.01	-24.5	-23.6	-2.2	29.58	2.04	11.95	10.78	515.74	512.96	0.29	8.02	5.52
PB	-0.45	359.08	0.19	93.41	100.53	89.31	2.65	0.14	1.73	6.12	3.06	3.06	0.03	-0.30	7.03	-5.55	8.68	5.75	6.29	-0.18	3.32	-27.5	-23.2	-0.005	22.70	2.46	13.99	11.10	360.94	440.77	0.29	5.18	5.45
PB	-0.64	189.53	0.39	93.47	100.86	89.09	2.43	0.13	1.43	6.88	3.44	3.44	0.03	-0.43	5.21	-5.67	7.68	3.90	6.52	-0.81	2.93	-20.7	-20.5	3.0	19.35	2.17	14.84	9.98	365.04	466.36	0.27	5.54	5.49
PB	0.72	147.18	0.53	93.65	99.94	85.97	2.50	0.18	1.31	6.41	3.20	3.20	0.03	0.22	6.73	-6.02	9.57	7.12	7.18	0.11	3.64	-26.2	-21.0	-0.01	20.32	2.32	15.28	10.25	374.01	465.24	0.28	4.90	5.49
PB	-0.38	185.54	0.97	95.88	103.89	94.05	3.09	0.55	2.67	5.86	2.93	2.93	0.03	-2.10	6.46	-5.73	9.92	5.83	9.06	-1.17	3.86	-27.5	-19.8	-3.1	26.17	2.35	16.45	9.66	382.70	498.33	0.26	6.61	5.55
PB	-0.13	152.74	0.37	95.16	99.71	89.76	2.52	-0.19	1.95	6.95	3.47	3.47	0.03	0.11	6.17	-5.63	8.11	4.85	6.15	-0.31	3.22	-27.1	-22.5	1.1	21.10	2.86	14.73	10.44	394.34	495.88	0.26	5.00	5.51
PB	-0.11	184.33	0.53	92.84	98.92	89.71	2.46	0.36	1.77	5.70	2.85	2.85	0.03	-1.07	5.34	-5.28	7.54	4.48	6.02	-0.30	2.49	-29.8	-22.9	-1.4	25.28	2.08	14.73	11.15	394.74	547.86	0.23	4.75	5.56
PB	-0.61	203.15	1.07	93.93	100.50	91.00	2.55	0.13	1.63	7.49	3.75	3.75	0.03	-0.08	7.10	-5.59	8.54	5.60	5.90	-0.03	3.52	-25.9	-19.7	-1.8	25.33	2.51	15.35	8.88	410.49	552.31	0.23	5.43	5.61
PB	-0.78	217.92	1.48	98.29	100.69	94.59	1.59	-0.17	0.93	4.90	2.45	2.45	0.02	-0.66	6.25	-7.32	10.12	4.40	9.62	-1.27	3.71	-27.3	-22.7	-4.5	25.24	2.80	17.75	9.23	426.41	564.17	0.22	3.83	5.62
PB	-0.64	134.68	0.48	97.06	103.20	91.20	3.04	0.06	2.22	6.15	3.07	3.07	0.03	-0.42	6.74	-6.07	9.57	5.57	8.19	-0.57	4.30	-25.2	-21.3	-3.6	28.82	2.74	15.40	8.96	442.11	582.73	0.21	5.66	5.72
PB	0.40	245.97	0.10	95.91	102.26	89.66	3.47	-0.13	2.98	5.97	2.99	2.99	0.04	-0.69	8.99	-7.99	11.84	8.01	8.56	-0.006	3.67	-26.1	-18.0	-1.3	21.62	2.65	14.19	9.90	266.73	492.22	0.19	6.15	5.71
PB	0.26	136.52	0.11	94.37	100.57	89.24	3.26	-0.02	2.86	6.20	3.14	3.06	0.03	-0.46	5.51	-4.84	6.90	4.19	4.95	-0.37	3.12	-26.5	-23.0	-1.1	19.58	2.13	14.72	11.60	250.38	487.14	0.20	6.92	5.56
PB	-0.42	172.46	0.33	93.78	99.37	90.54	2.06	0.12	1.44	5.74	2.87	2.87	0.02	-0.55	4.54	-5.15	7.23	3.70	6.53	-1.23	3.78	-25.3	-22.3	-0.3	21.50	2.12	14.69	10.30	232.01	436.67	0.26	5.81	4.88
PB	-0.79	230.42	0.26	95.14	101.27	89.98	2.60	0.09	1.64	6.14	3.07	3.07	0.03	-1.05	6.38	-6.86	8.78	4.55	6.63	-0.36	4.47	-26.9	-19.3	-0.6	24.00	2.52	16.78	9.20	135.94	356.00	0.30	4.30	4.46
PB	3.74	157.15	0.78	94.25	100.84	90.65	2.59	0.23	1.50	6.11	3.05	3.05	0.03	0.34	6.55	-5.60	8.81	7.50	5.09	1.10	2.46	-27.5	-19.2	-0.2	23.88	2.17	13.03	11.59	94.65	307.50	0.41	5.47	4.55
PB	-0.59	446.28	0.03	92.32	97.29	80.35	4.05	-0.10	2.07	3.42	1.71	1.71	0.04	-1.32	12.37	-2.41	6.15	5.04	4.78	-0.12	6.76	-38.8	-17.8	-4.7	27.38	2.41	17.82	8.16	0	230.00	0.31	2.20	2.37
SP	1.42	83.38	0.26	92.35	99.75	90.18	2.69	0.41	2.04	4.95	2.48	2.48	0.03	-0.14	4.73	-2.46	5.46	4.13	4.38	-0.41	2.22	-30.1	-17.9	1.0	17.95	2.40	9.55	12.84	1647.09	1044.80	0.44	7.06	4.03
SP	-0.13	587.34	0.26	94.22	100.02	91.04	2.23	0.11	1.55	5.74	2.87	2.87	0.02	-0.19	4.97	-2.28	5.39	4.74	4.08	-0.20	2.36	-26.7	-17.5	4.1	17.83	2.50	9.66	12.83	1645.94	999.55	0.44	4.05	3.60
SP	-0.30	1192.22	0.63	95.30	97.67	92.23	1.67	0.08	1.24	2.50	1.32	1.17	0.02	0.0009	5.28	-0.80	2.97	2.86	2.01	0.40	1.33	-40.3	-22.6	4.9	17.42	3.12	9.11	13.92	1624.72	1008.24	0.42	2.25	3.49
SP	-0.47	2275.95	4.64	90.49	93.52	89.53	1.00	0.19	0.29	9.43	4.72	4.72	0.01	-1.60	1.42	-3.47	5.25	1.37	5.91	-1.91	7.92	-34.4	-6.8	-1.2	16.43	2.38	12.31	5.67	1318.09	764.38	0.47	0.90	3.70
SP	0.13	109.30	0.38	94.94	100.30	93.03	1.80	0.39	1.04	4.62	2.37	2.25	0.02	-0.25	5.73	-1.94	5.07	4.28	3.85	-0.20	1.93	-27.3	-20.0	3.4	18.47	2.72	9.24	13.90	1361.23	786.67	0.53	6.40	4.26
SP	0.08	943.19	0.89	94.16	96.71	89.05	2.24	-0.09	2.11	6.92	3.46	3.46	0.02	-0.19	6.00	-4.16	6.47	2.92	4.75	-0.44	3.35	-27.1	-17.5	2.9	16.48	2.18	8.81	12.41	1009.52	564.62	0.55	3.03	3.75
SP	-1.02	195.45	2.04	93.89	95.75	92.08	1.03	-0.04	0.82	5.54	2.77	2.77	0.01	-0.43	2.03	-3.16	3.79	1.61	3.65	-1.14	3.34	-33.4	-17.4	3.3	16.27	2.56	10.13	12.89	1151.62	638.00	0.62	3.23	4.10
SP	-0.30	188.59	0.75	93.98	99.59	90.83	2.18	0.10	1.20	7.23	3.61	3.61	0.02	0.17	7.36	-4.58	7.23	3.11	4.82	-0.27	3.17	-22.9	-17.5	2.2	16.51	2.94	9.56	11.27	1386.14	767.14	0.52	4.41	4.34
SP	-0.06	169.35	0.48	94.51	97.85	91.77	2.12	0.11	2.02	3.01	1.51	1.51	0.02	-0.57	2.75	-0.96	2.58	2.22	2.33	-1.31	3.33	-32.5	-20.6	0.6	16.66	3.24	9.99	10.40	2127.82	1443.33	0.33	5.88	4.68
SP	-0.21	804.32	0.58	94.46	98.10	90.10	2.12	0.05	1.75	7.69	3.84	3.84	0.02	-0.70	6.44	-4.03	6.68	4.05	4.76	-0.10	3.97	-33.0	-13.0	3.3	18.17	2.00	9.98	11.32	49.50	215.00	0.28	3.44	3.54
SP	-0.21	0	0.84	95.82	106.88	92.74	4.91	0.46	5.07	1.08	0.54	0.54	0.05	1.85	12.13	-2.22	7.16	0.47	3.52	0.11	0.15	-29.8	-24.1	11.9	9.79	3.95	15.59	13.27	1411.42	859.74	0.41	10.00	3.85
SP	-0.10	750.24	0.39	95.11	104.17	91.04	3.83	0.25	3.14	5.96	3.07	2.89	0.04	-0.35	9.62	-5.82	11.76	7.63	9.90	-0.79	3.81	-26.4	-17.2	0.1	18.30	2.48	10.85	12.45	1387.33	825.32	0.41	3.07	3.84
SP	-0.34	308.17	0.33	97.05	102.92	89.93	2.97	-0.11	1.87	7.50	3.75	3.75	0.03	-0.67	7.65	-6.35	9.88	6.33	7.58	-0.24	6.74	-27.8	-8.8	-1.9	17.09	1.82	10.20	12.02	1389.63	809.61	0.42	5.38	3.87
SP	-0.23	652.53	0.69	100.84	102.65	91.13	3.48	-0.39	1.35	3.57	2.04	1.53	0.03	-2.75	5.81	-7.03	10.97	3.22	10.99	-1.41	4.94	-26.1	-17.1	-13.2	18.94	2.09	9.28	14.12	1402.98	808.92	0.43	2.52	3.79
SP	-0.04	167.79	0.12	95.63	102.93	87.72	4.75	0.04	4.14	3.05	1.53	1.53	0.05	-2.01	10.28	-4.24	10.15	12.66	7.85	0.21	9.96	-22.4	-7.6	-4.5	18.44	2.25	9.90	9.31	1419.79	821.25	0.42	4.63	3.82
SP	-0.18	575.83	0.18	93.96	101.45	86.89	3.18	0.21	1.90	7.48	3.74	3.74	0.03	-1.74	9.04	-9.30	12.12	5.88	9.30	-0.45	6.84	-31.5	-10.1	-1.0	17.10	1.78	11.01	11.23	1427.79	817.25	0.41	3.44	3.80
SP	0.41	162.76	-0.03	96.59	102.91	75.58	8.57	-0.35	4.01	5.65	2.99	2.66	0.09	-2.10	16.37	-9.40	15.20	10.35	9.54	0.38	7.95	-31.1	-16.3	-8.8	17.49	1.81	9.51	12.51	1462.77	855.08	0.41	4.48	3.82
SP	-0.23	128.75	0.03	95.45	102.51	86.50	3.38	-0.05	2.59	5.74	2.87	2.87	0.04	-0.50	8.69	-5.18	9.09	5.36	6.71	-0.29	6.58	-26.2	-10.9	-1.7	18.79	2.14	10.79	10.62	1483.16	870.16	0.40	5.00	3.80
SP	-0.22	633.93	0.18	95.65	102.93	83.90	4.64	-0.14	3.61	3.80	1.90	1.90	0.05	-2.44	6.23	-7.25	8.76	6.88	5.31	0.67	3.72	-30.9	-11.2	3.3	16.33	1.49	8.19	14.84	1544.63	932.73	0.37	3.02	3.72
SP	-0.17	101.89	0.23	96.03	102.59	87.84	3.28	-0.10	1.61	7.23	3.69	3.55	0.03	0.12	9.68	-8.78	12.04	8.31	7.15	0.45	5.20	-31.9	-11.0	-2.1	15.27	2.02	9.96	12.21	1569.74	954.72	0.38	5.80	3.76
SP	0.27	194.67	0.22	96.31	101.87	88.84	3.38	0.37	2.88	2.59	1.30	1.30	0.03	-1.03	9.74	-2.80	8.57	6.61	7.52	-1.68	5.78	-25.2	-10.8	-2.0	18.97	2.14	9.06	11.69	1618.85	1013.27	0.37	4.84	3.65
SP	-0.03	577.81	0.33	96.76	100.29	90.48	2.47	0.07	1.94	6.02	3.01	3.01	0.03	-1.50	6.62	-8.01	9.67	4.71	7.42	-0.39	6.63	-29.5	-10.4	-1.8	18.08	1.76	9.02	12.97	1627.81	996.81	0.36	3.16	3.63
SP	-0.35	143.92	0.25	95.45	102.36	90.61	3.42	0.007	2.55	6.37	3.18	3.18	0.04	-0.32	7.91	-6.27	10.60	7.43	8.34	-0.28	9.18	-26.8	-7.3	-4.4	16.65	1.82	11.94	10.46	1685.93	1064.19	0.35	5.53	3.66
SP	-0.56	205.88	-0.05	97.03	99.11	76.15	4.46	-0.33	2.01	4.41	2.20	2.20	0.05	-2.77	3.64	-5.23	6.90	2.89	6.39	-1.50	6.15	-30.9	-11.6	-0.1	17.66	1.75	11.09	13.32	1705.50	1072.38	0.35	5.70	3.57
SP	0.09	204.23	0.28	91.97	100.90	89.66	2.95	0.48	1.93	3.49	1.83	1.65	0.03	-0.43	7.26	-3.09	8.05	7.20	6.49	-0.48	5.70	-29.4	-9.0	-0.2	18.96	1.99	11.45	10.86	1725.48	1082.20	0.36	4.31	3.50
SP	0.07	349.60	0.11	95.32	103.39	88.49	2.97	0.02	1.26	5.93	2.97	2.97	0.03	-0.87	5.67	-4.37	8.57	6.81	7.28	-0.39	4.16	-24.8	-12.7	1.9	17.69	2.06	10.49	12.09	1734.35	1049.25	0.36	4.64	3.47
SP	-0.02	462.88	0.07	95.12	102.49	87.45	2.67	0.02	1.05	3.62	1.81	1.81	0.03	-0.65	6.95	-2.47	6.47	5.61	5.23	-0.62	4.25	-26.7	-13.8	0.5	18.19	2.29	10.75	11.84	1758.81	1039.73	0.37	4.21	3.34
SP	-0.02	0	0.76	104.07	105.15	89.39	3.61	-0.42	1.65	5.60	2.70	2.90	0.04	1.06	17.00	-7.87	14.87	11.16	7.26	0.59	0.36	-25.9	-22.4	9.3	6.38	8.20	23.54	-20.00	1053.92	870.00	0.37	0.10	3.23
SP	-0.49	2299.93	0.30	91.93	98.24	83.87	3.29	0.05	1.48	5.62	2.81	2.81	0.04	-2.10	10.19	-6.35	10.17	6.46	7.35	0.20	6.24	-34.2	-9.0	-1.4	15.68	2.39	11.15	9.71	732.94	736.25	0.40	0.81	3.60
SP	0.30	233.02	0.02	90.44	91.23	78.43	4.07	-0.47	0.52	2.23	1.12	1.12	0.05	-1.92	0.85	-2.48	5.09	0.50	5.42	-2.62	6.71	-23.0	-11.5	-2.8	16.43	3.18	11.95	10.34	752.15	755.33	0.41	1.75	3.84
SP	-0.34	674.52	1.11	91.95	106.18	89.78	6.47	0.58	7.19	3.89	1.95	1.95	0.07	5.07	8.10	-1.56	6.23	4.97	2.33	0.51	2.35	-32.7	-17.7	3.3	14.37	4.29	16.42	8.93	755.02	740.71	0.39	2.33	3.89
SP	0.78	255.66	0.28	96.99	104.09	80.16	3.94	-0.18	2.34	7.76	3.83	3.93	0.04	-0.26	9.17	-10.39	12.75	6.85	9.39	-0.44	5.06	-25.6	-12.5	-0.3	13.12	2.31	10.89	11.86	749.99	731.15	0.37	4.15	3.95
SP	0.78	0	0.92	97.24	101.23	88.96	4.48	-0.21	4.50	3.30	2.20	1.10	0.05	-9.61	1.04	-11.73	7.99	0.74	6.95	-0.23	1.47	-26.7	-12.1	1.7	7.57	0.77	4.90	16.46	768.05	764.58	0.41	0.95	3.91
SP	-0.47	234.55	0.09	95.97	104.09	86.86	3.69	0.05	1.60	5.85	2.99	2.86	0.04	-0.11	6.51	-10.04	10.57	5.41	8.44	-0.53	5.19	-28.3	-15.0	-0.8	17.97	2.10	9.39	14.07	785.14	761.30	0.40	5.02	3.97
SP	-0.30	422.80	0.38	93.88	104.04	90.43	3.66	0.30	2.75	4.48	2.24	2.24	0.04	0.12	4.81	-5.76	6.75	3.02	5.39	-0.72	7.48	-26.0	-9.5	-2.1	18.80	2.28	10.61	10.40	784.50	767.50	0.39	3.87	3.83
SP	0.71	1689.99	2.47	96.59	101.27	95.61	2.30	0.60	2.46	8.63	4.32	4.32	0.02	-3.58	1.07	-4.38	6.14	0.46	6.32	-1.58	4.01	-33.9	-12.4	-0.7	18.55	2.18	12.61	11.93	743.38	721.67	0.40	0.66	3.82
SP	1.02	246.70	0.70	96.63	104.00	92.88	3.13	0.33	2.16	2.98	1.61	1.38	0.03	-0.04	7.08	-8.40	11.00	7.33	8.39	0.06	4.45	-29.4	-9.1	2.6	19.40	1.43	8.72	12.65	766.18	724.12	0.41	4.20	4.05
SP	0.71	1110.16	3.80	96.71	99.35	94.54	1.59	0.09	1.50	5.00	2.50	2.50	0.02	-3.06	15.32	-6.93	10.77	6.31	6.65	0.66	3.99	-37.7	-14.1	-0.3	17.46	1.77	12.19	12.37	770.25	711.33	0.40	0.92	4.03
SP	0.12	124.40	0.19	96.63	104.00	90.89	3.32	0.09	2.15	7.06	3.53	3.53	0.03	0.14	6.07	-9.73	9.77	5.44	7.00	-0.34	7.00	-26.4	-9.1	-3.1	16.79	1.91	9.35	11.43	797.44	725.00	0.39	6.08	4.23
SP	-0.51	1392.01	3.39	95.81	98.60	94.12	1.36	0.13	0.98	2.76	1.10	1.66	0.01	-0.98	3.20	-2.59	4.30	1.48	3.93	-0.95	8.20	-32.5	-12.8	-4.4	20.96	2.25	10.84	12.30	544.38	653.64	0.42	1.02	3.54
SP	0.09	243.67	1.91	94.90	106.85	90.34	3.54	0.01	2.09	6.99	3.50	3.50	0.04	3.65	16.75	-3.99	11.27	7.31	3.13	0.79	4.09	-36.6	-19.4	1.2	15.39	4.23	11.62	13.24	565.95	712.22	0.40	3.36	4.01
SP	0.09	0	0.45	98.64	103.34	88.81	5.22	-0.22	4.99	3.97	1.99	1.99	0.05	-6.10	5.63	-9.67	11.56	3.30	10.77	-0.75	8.97	-27.4	-11.1	-8.2	16.71	2.38	6.78	11.26	604.20	807.14	0.36	1.27	4.13
SP	-0.39	631.22	3.27	95.11	97.30	91.38	1.31	-0.08	0.86	4.14	2.07	2.07	0.01	0.75	10.89	-4.88	9.89	6.73	6.12	0.27	7.18	-30.1	-9.5	-1.6	14.72	2.53	9.95	10.31	591.97	705.00	0.32	1.26	4.24
SP	-0.25	114.01	0.58	95.15	99.91	82.71	2.87	-0.09	1.62	5.59	2.80	2.80	0.03	0.62	7.67	-10.18	10.75	4.16	8.54	-1.05	4.26	-28.9	-15.0	1.4	13.01	2.26	11.10	11.88	638.96	768.00	0.31	5.60	4.71
SP	-0.49	161.81	0.41	99.24	102.46	91.14	2.69	-0.38	1.84	6.00	3.12	2.88	0.03	-1.45	10.09	-6.15	12.05	12.86	7.89	1.17	7.53	-30.0	-12.3	-9.4	18.40	2.53	12.56	11.05	712.29	842.50	0.37	5.57	4.25
SP	-0.14	648.17	5.15	100.32	102.66	97.65	1.87	-0.02	1.93	5.76	2.88	2.88	0.02	2.69	7.82	-1.42	5.34	3.32	1.92	0.34	9.60	-28.9	-8.3	-10.8	18.70	1.53	9.82	13.92	890.95	1010.00	0.27	2.44	3.70
SP	-0.30	164.67	0.11	96.49	100.41	84.12	3.80	-0.38	2.34	4.24	2.12	2.12	0.04	-2.05	3.72	-12.30	9.18	0.92	8.23	-1.40	12.11	-23.4	-1.6	-3.0	18.61	2.37	10.74	8.68	0	1640.00	0.20	5.00	5.31
SP	-0.40	787.20	14.94	106.30	106.71	106.10	0.20	0.22	0.13	2.02	1.01	1.01	0.002	-0.03	2.50	-0.22	0.95	2.00	0.44	3.19	0.16	-27.3	-22.9	20.1	316.10	9.75	22.47	-20.00	0	0	0	2.06	2.06
